0000000000000000
0000000000000000
0000000000000000
0000000000000000
0000000000000000
0000000000000000
0000000000000000
0000000000000000
0000000000000000
0000000000000000
0000000000000000
0000000000000000
0000000000000000
0000000000000000
0000000000000000
0000000000000000
0000000000000000
0000000000000000
0000000000000000
0000000000000000
0000000000000000
0000000000000000
0000000000000000
0000000000000000
0000000000000000
0000000000000000
0000000000000000
0000000000000000
0000000000000000
0000000000000000
0000000000000000
0000000000000000
0000000000000000
0000000000000000
0000000000000000
0000000000000000
0000000000000000
0000000000000000
0000000000000000
0000000000000000
0000000000000000
0000000000000000
0000000000000000
0000000000000000
0000000000000000
0000000000000000
0000000000000000
0000000000000000
0000000000000000
0000000000000000
0000000000000000
0000000000000000
0000000000000000
0000000000000000
0000000000000000
0000000000000000
0000000000000000
0000000000000000
0000000000000000
0000000000000000
0000000000000000
0000000000000000
0000000000000000
0000000000000000
0000000000000000
0000000000000000
0000000000000000
0000000000000000
0000000000000000
0000000000000000
0000000000000000
0000000000000000
0000000000000000
0000000000000000
0000000000000000
0000000000000000
0000000000000000
0000000000000000
0000000000000000
0000000000000000
0000000000000000
0000000000000000
0000000000000000
0000000000000000
0000000000000000
0000000000000000
0000000000000000
0000000000000000
0000000000000000
0000000000000000
0000000000000000
0000000000000000
0000000000000000
0000000000000000
0000000000000000
0000000000000000
0000000000000000
0000000000000000
0000000000000000
0000000000000000
0000000000000000
0000000000000000
0000000000000000
0000000000000000
0000000000000000
0000000000000000
0000000000000000
0000000000000000
0000000000000000
0000000000000000
0000000000000000
0000000000000000
0000000000000000
0000000000000000
0000000000000000
0000000000000000
0000000000000000
0000000000000000
0000000000000000
0000000000000000
0000000000000000
0000000000000000
0000000000000000
0000000000000000
0000000000000000
0000000000000000
0000000000000000
0000000000000000
0000000000000000
0000000000000000
0000000000000000
0000000000000000
0000000000000000
0000000000000000
0000000000000000
0000000000000000
0000000000000000
0000000000000000
0000000000000000
0000000000000000
0000000000000000
0000000000000000
0000000000000000
0000000000000000
0000000001010100
0000000100001101
0000000110101100
0000001001000011
0000001001111111
0000001001001111
0000000110010110
0000000011110111
0000000001100000
0000000000100100
0000000000000000
0000000000000000
0000000000000000
0000000000000000
0000000000000000
0000000000000000
0000000000000000
0000000000000000
0000000000000000
0000000000000000
0000000000000000
0000000000000000
0000000000000000
0000000000000000
0000000000000000
0000000000000000
0000000000000000
0000000000000000
0000000100110010
0000001011101001
0000010010000110
0000011000011011
0000011101010101
0000011100111000
0000011001000111
0000010101110000
0000010010100001
0000010000101101
0000001111011110
0000001111011110
0000001111011110
0000001111011110
0000001111000010
0000001100110000
0000001001101010
0000000110100100
0000000011011110
0000000000110100
0000000000000000
0000000000000000
0000000000000000
0000000000000000
0000000000000000
0000000000000000
0000000000000000
0000000000000000
0000000101110101
0000001110011110
0000010110000011
0000011110001010
0000100101100111
0000100111101010
0000100110000101
0000100101000111
0000100100000100
0000100011101011
0000100010110111
0000100010110011
0000100010110111
0000100010110111
0000100010011011
0000011110010111
0000010111010111
0000010000101100
0000001001101000
0000000011000000
0000000000000000
0000000000000000
0000000000000000
0000000000000000
0000000000000000
0000000000000000
0000000000000000
0000000000000000
0000000101110101
0000001110011110
0000010110000011
0000011110001010
0000100101100111
0000100111111011
0000100111011000
0000100110101000
0000100110101000
0000100111010010
0000100111010000
0000100111000101
0000100111010000
0000101001111001
0000101100011000
0000101000111011
0000100001000000
0000011010000000
0000001111010000
0000000100101010
0000000000000000
0000000000000000
0000000000000000
0000000000000000
0000000000000000
0000000000000000
0000000000000000
0000000000000000
0000000101110101
0000001110011110
0000010110000011
0000011110001010
0000100101100111
0000100111111011
0000100111011000
0000100110101000
0000100110101000
0000100111010010
0000100111010000
0000100111000101
0000101000100011
0000101111001001
0000110100111001
0000110001101110
0000101001110011
0000100001100000
0000010010110011
0000000100111100
0000000000000000
0000000000000000
0000000000000000
0000000000000000
0000000000000000
0000000000000000
0000000000000000
0000000000000000
0000000100100001
0000001010010001
0000001111010111
0000010101000111
0000011011101000
0000011110101100
0000100001000010
0000100010110001
0000100101001000
0000100110101110
0000100111010000
0000100111011011
0000101100100010
0000110111000111
0000111110001010
0000111010111111
0000110010101110
0000100110110010
0000010100000110
0000000100111100
0000000000000000
0000000000000000
0000000000000000
0000000000000000
0000000000000000
0000000000000000
0000000000000000
0000000000000000
0000000001000011
0000000010110101
0000000011111101
0000000101101111
0000001000010010
0000001011000011
0000001110010001
0000010000111000
0000010100000111
0000010110100101
0000010111110010
0000011001111110
0000100011000011
0000110001010110
0000111001100001
0000111000101000
0000110001011100
0000100100101000
0000010001010100
0000000100001000
0000000000000000
0000000000000000
0000000000000000
0000000000000000
0000000000000000
0000000000000000
0000000000000000
0000000000000000
0000000000000000
0000000000000000
0000000000000000
0000000000000000
0000000000000000
0000000000010001
0000000001010011
0000000001100001
0000000010100100
0000000011100111
0000000101010100
0000001011011101
0000011000011100
0000100111101101
0000101111111000
0000101111110110
0000101000101011
0000011011011110
0000001011001010
0000000001111100
0000000000000000
0000000000000000
0000000000000000
0000000000000000
0000000000000000
0000000000000000
0000000000000000
0000000000000000
0000000000000000
0000000000000000
0000000000000000
0000000000000000
0000000000000000
0000000000000000
0000000000000000
0000000000000000
0000000000000000
0000000000000000
0000000011000000
0000001101001110
0000011101000001
0000101001101110
0000101110111110
0000101100010000
0000100010000010
0000010010001111
0000000101100010
0000000000010010
0000000000000000
0000000000000000
0000000000000000
0000000000000000
0000000000000000
0000000000000000
0000000000000000
0000000000000000
0000000000000000
0000000000000000
0000000000000000
0000000000000000
0000000000000000
0000000000000000
0000000000000000
0000000000000000
0000000000000000
0000000000001001
0000000110010110
0000010100011100
0000100011110110
0000101100100110
0000101110011100
0000101000001111
0000011010001001
0000001010101111
0000000001111111
0000000000000000
0000000000000000
0000000000000000
0000000000000000
0000000000000000
0000000000000000
0000000000000000
0000000000000000
0000000000000000
0000000000000000
0000000000000000
0000000000000000
0000000000000000
0000000000000000
0000000000000000
0000000000000000
0000000000000000
0000000000000000
0000000010000111
0000001100010010
0000011100111000
0000101000101001
0000101101011010
0000101011111111
0000100001110100
0000010001001110
0000000101011101
0000000000101100
0000000000000000
0000000000000000
0000000000000000
0000000000000000
0000000000000000
0000000000000000
0000000000000000
0000000000000000
0000000000000000
0000000000000000
0000000000000000
0000000000000000
0000000000000000
0000000000000000
0000000000000000
0000000000000000
0000000000000000
0000000001001011
0000000111001101
0000010101001000
0000100100100110
0000101100011001
0000101100010001
0000100110001111
0000011000010100
0000001000110110
0000000001000011
0000000000000000
0000000000000000
0000000000000000
0000000000000000
0000000000000000
0000000000000000
0000000000000000
0000000000000000
0000000000000000
0000000000000000
0000000000000000
0000000000000000
0000000000000000
0000000000000000
0000000000000000
0000000000000000
0000000000000000
0000000000010011
0000000100111011
0000001110111011
0000011110100001
0000101010000110
0000101101101000
0000101001000101
0000011111000101
0000001111011111
0000000011111010
0000000000000101
0000000000000000
0000000000000000
0000000000000000
0000000000000000
0000000000000000
0000000000000000
0000000000000000
0000000000000000
0000000000000000
0000000000000000
0000000000000000
0000000000000000
0000000000000000
0000000000000000
0000000000000000
0000000000000000
0000000000000011
0000000011100001
0000001100000111
0000011001100010
0000100111100110
0000101111001010
0000101100100110
0000100100000000
0000010110100101
0000001000100001
0000000000111010
0000000000000000
0000000000000000
0000000000000000
0000000000000000
0000000000000000
0000000000000000
0000000000000000
0000000000000000
0000000000000000
0000000000000000
0000000000000000
0000000000000000
0000000000000000
0000000000000000
0000000000000000
0000000000000000
0000000000000000
0000000000101001
0000001000000101
0000010100101001
0000100011001000
0000101101111111
0000110001000101
0000101001101001
0000011101000101
0000001110100110
0000000011101111
0000000000000000
0000000000000000
0000000000000000
0000000000000000
0000000000000000
0000000000000000
0000000000000000
0000000000000000
0000000000000000
0000000000000000
0000000000000000
0000000000000000
0000000000000000
0000000000000000
0000000000000000
0000000000000000
0000000000000000
0000000000011111
0000000100101000
0000010000000010
0000011110011001
0000101010111011
0000110001010101
0000101110000101
0000100010101011
0000010100010100
0000000111110010
0000000000111001
0000000000000000
0000000000000000
0000000000000000
0000000000000000
0000000000000000
0000000000000000
0000000000000000
0000000000000000
0000000000000000
0000000000000000
0000000000000000
0000000000000000
0000000000000000
0000000000000000
0000000000000000
0000000000000000
0000000000000000
0000000010100100
0000001010101011
0000011010000011
0000101000000011
0000110000101010
0000110001001111
0000101001001000
0000011001110000
0000001011110000
0000000011001001
0000000000000000
0000000000000000
0000000000000000
0000000000000000
0000000000000000
0000000000000000
0000000000000000
0000000000000000
0000000000000000
0000000000000000
0000000000000000
0000000000000000
0000000000000000
0000000000000000
0000000000000000
0000000000000000
0000000000000000
0000000000000000
0000000101100110
0000010011011000
0000100110011011
0000110001110010
0000110101011110
0000101111101011
0000100011100110
0000010000100011
0000000101001100
0000000000100011
0000000000000000
0000000000000000
0000000000000000
0000000000000000
0000000000000000
0000000000000000
0000000000000000
0000000000000000
0000000000000000
0000000000000000
0000000000000000
0000000000000000
0000000000000000
0000000000000000
0000000000000000
0000000000000000
0000000000000000
0000000001111010
0000001100111110
0000011101001010
0000110001000000
0000111000101010
0000110110110110
0000101100100010
0000011100100010
0000001001001111
0000000001001110
0000000000000000
0000000000000000
0000000000000000
0000000000000000
0000000000000000
0000000000000000
0000000000000000
0000000000000000
0000000000000000
0000000000000000
0000000000000000
0000000000000000
0000000000000000
0000000000000000
0000000000000000
0000000000000000
0000000000000000
0000000000000000
0000000100101111
0000010011000001
0000100110011001
0000111000011010
0000111001111100
0000110100100110
0000100110010100
0000010011101011
0000000100000100
0000000000000001
0000000000000000
0000000000000000
0000000000000000
0000000000000000
0000000000000000
0000000000000000
0000000000000000
0000000000000000
0000000000000000
0000000000000000
0000000000000000
0000000000000000
0000000000000000
0000000000000000
0000000000000000
0000000000000000
0000000000000000
0000000000000000
0000000110101000
0000010110100000
0000100100111010
0000101101100110
0000101111100100
0000101010110101
0000011101000010
0000001101111001
0000000010010000
0000000000000000
0000000000000000
0000000000000000
0000000000000000
0000000000000000
0000000000000000
0000000000000000
0000000000000000
0000000000000000
0000000000000000
0000000000000000
0000000000000000
0000000000000000
0000000000000000
0000000000000000
0000000000000000
0000000000000000
0000000000000000
0000000000000000
0000000100101111
0000010000011101
0000011011101000
0000100011010011
0000100100101111
0000100000000000
0000010100010010
0000001001000111
0000000001011100
0000000000000000
0000000000000000
0000000000000000
0000000000000000
0000000000000000
0000000000000000
0000000000000000
0000000000000000
0000000000000000
0000000000000000
0000000000000000
0000000000000000
0000000000000000
0000000000000000
0000000000000000
0000000000000000
0000000000000000
0000000000000000
0000000000000000
0000000011110010
0000001011101110
0000010010111011
0000010110101000
0000010111010000
0000010011011110
0000001011100010
0000000100010101
0000000000101000
0000000000000000
0000000000000000
0000000000000000
0000000000000000
0000000000000000
0000000000000000
0000000000000000
0000000000000000
0000000000000000
0000000000000000
0000000000000000
