0000000000000000
0000000000000000
0000000000000000
0000000000000000
0000000000000000
0000000000000000
0000000000000000
0000000000000000
0000000000000000
0000000000000000
0000000000000000
0000000000000000
0000000000000000
0000000000000000
0000000000000000
0000000000000000
0000000000000000
0000000000000000
0000000000000000
0000000000000000
0000000000000000
0000000000000000
0000000000000000
0000000000000000
0000000000000000
0000000000000000
0000000000000000
0000000000000000
0000000000000000
0000000000000000
0000000000000000
0000000000000000
0000000000000000
0000000000000000
0000000000000000
0000000000000000
0000000000000000
0000000000000000
0000000000000000
0000000000000000
0000000000000000
0000000000000000
0000000000000000
0000000000000000
0000000000000000
0000000000000000
0000000000000000
0000000000000000
0000000000000000
0000000000000000
0000000000000000
0000000000000000
0000000000000000
0000000000000000
0000000000000000
0000000000000000
0000000000000000
0000000000000000
0000000000000000
0000000000000000
0000000000000000
0000000000000000
0000000000000000
0000000000000000
0000000000000000
0000000000000000
0000000000000000
0000000000000000
0000000000000000
0000000000000000
0000000000000000
0000000000000000
0000000000000000
0000000000000000
0000000000000000
0000000000000000
0000000000000000
0000000000000000
0000000000000000
0000000000000000
0000000000000000
0000000000000000
0000000000000000
0000000000000000
0000000000000000
0000000000000000
0000000000000000
0000000000000000
0000000000000000
0000000000000000
0000000000000000
0000000000000000
0000000000000000
0000000000000000
0000000000000000
0000000000000000
0000000000000000
0000000000000000
0000000000000000
0000000000000000
0000000000000000
0000000000000000
0000000000000000
0000000000000000
0000000000000000
0000000000000000
0000000000000000
0000000000000000
0000000000000000
0000000000000000
0000000000000000
0000000000000000
0000000000000000
0000000000000000
0000000000000000
0000000000000000
0000000000000000
0000000000000000
0000000000000000
0000000000000000
0000000000000000
0000000000000000
0000000000000000
0000000000000000
0000000000000000
0000000000000000
0000000000000000
0000000000000000
0000000000000000
0000000000000000
0000000000000000
0000000000000000
0000000000000000
0000000000000000
0000000000000000
0000000000000000
0000000000000000
0000000000000000
0000000000000000
0000000000000000
0000000000000000
0000000000000000
0000000000000000
0000000000000000
0000000010101000
0000000111000110
0000000111110111
0000001000100001
0000001001110000
0000001010010101
0000000111111001
0000000101101010
0000000010011100
0000000001001000
0000000000000000
0000000000000000
0000000000000000
0000000000000000
0000000000000000
0000000000000000
0000000000000000
0000000000000000
0000000000000000
0000000000000000
0000000000000000
0000000000000000
0000000000000000
0000000000000000
0000000000000000
0000000000000000
0000000000000000
0000000000000000
0000001010111000
0000010110101101
0000011001001001
0000011110000011
0000101000000100
0000101000100111
0000100011001010
0000011110001001
0000011000111011
0000010101100110
0000010010100100
0000010010100100
0000010010100100
0000010010100100
0000010001101100
0000001101100100
0000001010000110
0000001000110110
0000000110001000
0000000001101000
0000000000000000
0000000000000000
0000000000000000
0000000000000000
0000000000000000
0000000000000000
0000000000000000
0000000000000000
0000010001110000
0000100110111101
0000101010011111
0000110101010110
0001001001101100
0001001101011111
0001000110111000
0001000000101011
0000111100011100
0000111010001011
0000110110010011
0000110101101110
0000110101111010
0000110110010111
0000110101011000
0000101010111101
0000011110011010
0000011010100000
0000010011101110
0000000110110100
0000000000000000
0000000000000000
0000000000000000
0000000000000000
0000000000000000
0000000000000000
0000000000000000
0000000000000000
0000010100111101
0000101101000001
0000101111111101
0000111110100011
0001011000101110
0001011111110100
0001011101000001
0001011000110010
0001011001000001
0001011010110100
0001010111100001
0001010101110101
0001010110011011
0001011101000100
0001011111110001
0001001011101101
0000110101001001
0000110011100010
0000100110111100
0000001101001000
0000000000000000
0000000000000000
0000000000000000
0000000000000000
0000000000000000
0000000000000000
0000000000000000
0000000000000000
0000010001001110
0000100100001101
0000100101100011
0000110000111100
0001001001000000
0001010010100010
0001010100100010
0001010100011011
0001011000101101
0001100000000011
0001011101111010
0001011100000011
0001011111011010
0001101111011111
0001110111110000
0001011011101100
0001000100011000
0001001000100011
0000110110000100
0000010000101110
0000000000000000
0000000000000000
0000000000000000
0000000000000000
0000000000000000
0000000000000000
0000000000000000
0000000000000000
0000001010000101
0000010010110110
0000010010110110
0000011001000100
0000101000101110
0000101111110011
0000110100101110
0000110110000101
0000111100010011
0001000101110100
0001000101011101
0001000100001111
0001001111111000
0001101010100110
0001110011110001
0001010101101111
0001001010000111
0001010011000000
0000111000001101
0000001111101010
0000000000000000
0000000000000000
0000000000000000
0000000000000000
0000000000000000
0000000000000000
0000000000000000
0000000000000000
0000000010000110
0000000100100111
0000000100000010
0000000101101111
0000001010110000
0000001111001000
0000010011001001
0000010011110101
0000011000001101
0000011111000100
0000100000001000
0000100011011101
0000111001110010
0001011010101110
0001011100100110
0001000110011110
0001001001011011
0001001111001100
0000101100100001
0000001010011110
0000000000000000
0000000000000000
0000000000000000
0000000000000000
0000000000000000
0000000000000000
0000000000000000
0000000000000000
0000000000000000
0000000000000000
0000000000000000
0000000000000000
0000000000000000
0000000000100010
0000000010010101
0000000001011110
0000000010100101
0000000100101101
0000000111010001
0000010100100000
0000110011111110
0001001110000101
0001000110110000
0000111110101110
0001001001001000
0001000000000010
0000011011001101
0000000100001010
0000000000000000
0000000000000000
0000000000000000
0000000000000000
0000000000000000
0000000000000000
0000000000000000
0000000000000000
0000000000000000
0000000000000000
0000000000000000
0000000000000000
0000000000000000
0000000000000000
0000000000000000
0000000000000000
0000000000000000
0000000000000000
0000000110111011
0000100000101000
0001000001101000
0001001001000100
0000111111101011
0001000100100010
0001001000100001
0000101101101110
0000001101011101
0000000000100100
0000000000000000
0000000000000000
0000000000000000
0000000000000000
0000000000000000
0000000000000000
0000000000000000
0000000000000000
0000000000000000
0000000000000000
0000000000000000
0000000000000000
0000000000000000
0000000000000000
0000000000000000
0000000000000000
0000000000000000
0000000000010010
0000010000011110
0000110100000101
0001001001101001
0000111111111000
0000111111010101
0001001010110111
0000111100001000
0000011001111010
0000000100101010
0000000000000000
0000000000000000
0000000000000000
0000000000000000
0000000000000000
0000000000000000
0000000000000000
0000000000000000
0000000000000000
0000000000000000
0000000000000000
0000000000000000
0000000000000000
0000000000000000
0000000000000000
0000000000000000
0000000000000000
0000000000000000
0000000100010111
0000011110111000
0001000011010110
0001000100110011
0000110111111101
0001000100001100
0001001000000100
0000101000001001
0000001011010110
0000000001011000
0000000000000000
0000000000000000
0000000000000000
0000000000000000
0000000000000000
0000000000000000
0000000000000000
0000000000000000
0000000000000000
0000000000000000
0000000000000000
0000000000000000
0000000000000000
0000000000000000
0000000000000000
0000000000000000
0000000000000000
0000000010010110
0000001111011111
0000110000100101
0001001001000011
0000111100111111
0000110111011001
0001000111011101
0000111010000010
0000010101011101
0000000010001011
0000000000000000
0000000000000000
0000000000000000
0000000000000000
0000000000000000
0000000000000000
0000000000000000
0000000000000000
0000000000000000
0000000000000000
0000000000000000
0000000000000000
0000000000000000
0000000000000000
0000000000000000
0000000000000000
0000000000000000
0000000000100110
0000001010101110
0000100001110011
0001000000011000
0001000110011111
0000111011000001
0000111111011000
0001000100001100
0000100110010110
0000001000101001
0000000000001010
0000000000000000
0000000000000000
0000000000000000
0000000000000000
0000000000000000
0000000000000000
0000000000000000
0000000000000000
0000000000000000
0000000000000000
0000000000000000
0000000000000000
0000000000000000
0000000000000000
0000000000000000
0000000000000000
0000000000000110
0000000111010010
0000011010110000
0000110111000100
0001001001010000
0001000101100110
0001000000001111
0001000101101010
0000110110011011
0000010100110000
0000000001110100
0000000000000000
0000000000000000
0000000000000000
0000000000000000
0000000000000000
0000000000000000
0000000000000000
0000000000000000
0000000000000000
0000000000000000
0000000000000000
0000000000000000
0000000000000000
0000000000000000
0000000000000000
0000000000000000
0000000000000000
0000000001010101
0000010011010101
0000110000011000
0001000101100011
0001001001100000
0001000111111101
0001000111100100
0001000000100110
0000100011110101
0000001000010111
0000000000000000
0000000000000000
0000000000000000
0000000000000000
0000000000000000
0000000000000000
0000000000000000
0000000000000000
0000000000000000
0000000000000000
0000000000000000
0000000000000000
0000000000000000
0000000000000000
0000000000000000
0000000000000000
0000000000000000
0000000000111110
0000001001011101
0000100110010000
0001000010100101
0001001000100110
0001001001000000
0001001011100000
0001000101100001
0000101111101010
0000010010010111
0000000001110010
0000000000000000
0000000000000000
0000000000000000
0000000000000000
0000000000000000
0000000000000000
0000000000000000
0000000000000000
0000000000000000
0000000000000000
0000000000000000
0000000000000000
0000000000000000
0000000000000000
0000000000000000
0000000000000000
0000000000000000
0000000101100111
0000011000000000
0000111010101011
0001001011001101
0001000101001110
0001001000101100
0001001101001110
0000111000001010
0000011010110000
0000000110110101
0000000000000000
0000000000000000
0000000000000000
0000000000000000
0000000000000000
0000000000000000
0000000000000000
0000000000000000
0000000000000000
0000000000000000
0000000000000000
0000000000000000
0000000000000000
0000000000000000
0000000000000000
0000000000000000
0000000000000000
0000000000000000
0000001101010010
0000101101000111
0001001110100100
0001001101010100
0001000101101000
0001001101100111
0001001010010000
0000100100111110
0000001011000100
0000000001000110
0000000000000000
0000000000000000
0000000000000000
0000000000000000
0000000000000000
0000000000000000
0000000000000000
0000000000000000
0000000000000000
0000000000000000
0000000000000000
0000000000000000
0000000000000000
0000000000000000
0000000000000000
0000000000000000
0000000000000000
0000000100110001
0000100000011110
0001000010001001
0001011010110001
0001010001001100
0001001011001010
0001010011110100
0001000010101110
0000010101100000
0000000010011101
0000000000000000
0000000000000000
0000000000000000
0000000000000000
0000000000000000
0000000000000000
0000000000000000
0000000000000000
0000000000000000
0000000000000000
0000000000000000
0000000000000000
0000000000000000
0000000000000000
0000000000000000
0000000000000000
0000000000000000
0000000000000000
0000001101010001
0000110010101101
0001010010100001
0001011111111000
0001010100100000
0001010011110101
0001010100000111
0000110101101010
0000001011001011
0000000000000010
0000000000000000
0000000000000000
0000000000000000
0000000000000000
0000000000000000
0000000000000000
0000000000000000
0000000000000000
0000000000000000
0000000000000000
0000000000000000
0000000000000000
0000000000000000
0000000000000000
0000000000000000
0000000000000000
0000000000000000
0000000000000000
0000010011111000
0000111110100101
0001010001011000
0001001100100101
0001001010111000
0001001101111000
0001000100001010
0000100110101100
0000000110100100
0000000000000000
0000000000000000
0000000000000000
0000000000000000
0000000000000000
0000000000000000
0000000000000000
0000000000000000
0000000000000000
0000000000000000
0000000000000000
0000000000000000
0000000000000000
0000000000000000
0000000000000000
0000000000000000
0000000000000000
0000000000000000
0000000000000000
0000001111001001
0000101101110000
0000111000011010
0000110011010110
0000110101111011
0000111011000001
0000101100011100
0000010101011001
0000000011100000
0000000000000000
0000000000000000
0000000000000000
0000000000000000
0000000000000000
0000000000000000
0000000000000000
0000000000000000
0000000000000000
0000000000000000
0000000000000000
0000000000000000
0000000000000000
0000000000000000
0000000000000000
0000000000000000
0000000000000000
0000000000000000
0000000000000000
0000001001011101
0000011001100001
0000011101100011
0000010111110011
0000011010100110
0000011110111010
0000010101101000
0000001000010100
0000000001010000
0000000000000000
0000000000000000
0000000000000000
0000000000000000
0000000000000000
0000000000000000
0000000000000000
0000000000000000
0000000000000000
0000000000000000
0000000000000000
