0000000000000000
0000000000000000
0000000000000000
0000000000000000
0000000000000000
0000000000000000
0000000000000000
0000000000000000
0000000000000000
0000000000000000
0000000000000000
0000000000000000
0000000000000000
0000000000000000
0000000000000000
0000000000000000
0000000000000000
0000000000000000
0000000000000000
0000000000000000
0000000000000000
0000000000000000
0000000000000000
0000000000000000
0000000000000000
0000000000000000
0000000000000000
0000000000000000
0000000000000000
0000000000000000
0000000000000000
0000000000000000
0000000000000000
0000000000000000
0000000000000000
0000000000000000
0000000000000000
0000000000000000
0000000000000000
0000000000000000
0000000000000000
0000000000000000
0000000000000000
0000000000000000
0000000000000000
0000000000000000
0000000000000000
0000000000000000
0000000000000000
0000000000000000
0000000000000000
0000000000000000
0000000000000000
0000000000000000
0000000000000000
0000000000000000
0000000000000000
0000000000000000
0000000000000000
0000000000000000
0000000000000000
0000000000000000
0000000000000000
0000000000000000
0000000000000000
0000000000000000
0000000000000000
0000000000000000
0000000000000000
0000000000000000
0000000000000000
0000000000000000
0000000000000000
0000000000000000
0000000000000000
0000000000000000
0000000000000000
0000000000000000
0000000000000000
0000000000000000
0000000000000000
0000000000000000
0000000000000000
0000000000000000
0000000000000000
0000000000000000
0000000000000000
0000000000000000
0000000000000000
0000000000000000
0000000000000000
0000000000000000
0000000000000000
0000000000000000
0000000000000000
0000000000000000
0000000000000000
0000000000000000
0000000000000000
0000000000000000
0000000000000000
0000000000000000
0000000000000000
0000000000000000
0000000000000000
0000000000000000
0000000000000000
0000000000000000
0000000000000000
0000000000000000
0000000000000000
0000000000000000
0000000000000000
0000000000000000
0000000000000000
0000000000000000
0000000000000000
0000000000000000
0000000000000000
0000000000000000
0000000000000000
0000000000000000
0000000000000000
0000000000000000
0000000000000000
0000000000000000
0000000000000000
0000000000000000
0000000000000000
0000000000000000
0000000000000000
0000000000000000
0000000000000000
0000000000000000
0000000000000000
0000000000000000
0000000000000000
0000000000000000
0000000000000000
0000000000000000
0000000000000000
0000000000000000
0000000000000000
0000000000000000
0101001101011000
0000101100111010
0101011000001001
0011010010000111
1101001101010010
0110000110001101
0010010110110001
0000000101101010
0000000010011100
0000000001001000
0000000000000000
0000000000000000
0000000000000000
0000000000000000
0000000000000000
0000000000000000
0000000000000000
0000000000000000
0000000000000000
0000000000000000
0000000000000000
0000000000000000
0000000000000000
0000000000000000
0000000000000000
0000000000000000
0000000000000000
0000000000000000
0010111101001000
1110001101010011
0100110110110111
0010110110001001
1100111101001100
0101000110011111
1101111001000000
1000111011100101
1000110110010111
1000110011000010
1000110000000000
1000110000000000
1000110000000000
1000110000000000
0111000000111000
1101111101000000
0011011000011110
0000001000110110
0000000110001000
0000000001101000
0000000000000000
0000000000000000
0000000000000000
0000000000000000
0000000000000000
0000000000000000
0000000000000000
0000000000000000
0111000010010000
1001010001000011
0000001101100001
1110010010100000
1110001110100110
1101011101100111
1011111010111010
0110110111101111
0110110010100110
1000100011011011
1000011111100011
1000001111001110
0110101100110110
0110111100011001
0110110001010000
0110101010110001
1100010110110010
0000011010100000
0000010011101110
0000000110110100
0000000000000000
0000000000000000
0000000000000000
0000000000000000
0000000000000000
0000000000000000
0000000000000000
0000000000000000
0110111111000011
1001001010111111
0000001000000011
1110001111101101
1110001011101100
1110011010001110
0000111100110001
1011110001100100
1011110011001101
0000111001100010
0000110110001111
0000000101011011
1011101110110111
0110111100001110
0101010001000001
1101001001101101
0011001100001101
0000110011100010
0000100110111100
0000001101001000
0000000000000000
0000000000000000
0000000000000000
0000000000000000
0000000000000000
0000000000000000
0000000000000000
0000000000000000
0111000010110010
1001010011110011
0000010010011101
1110010101110110
1110001001110010
1110010010101100
0000110001100000
1011101000000111
1011101101110001
0000110111000101
0000110100111100
0000000100010101
0000111001100100
1011110001011111
0001111000010110
1011001101011010
0100011100110100
0001001000100011
0000110110000100
0000010000101110
0000000000000000
0000000000000000
0000000000000000
0000000000000000
0000000000000000
0000000000000000
0000000000000000
0000000000000000
0001111001111011
1000110001001010
1011000101001010
1011001010000100
0000111110100000
1000001111001101
1110011100111110
1011100010100111
1011101010001011
0000110100111010
0000110100100011
0001011011010101
0000101101000010
1001111110010100
0110101100110101
0000010001110001
0100100100101011
0001010011000000
0000111000001101
0000001111101010
0000000000000000
0000000000000000
0000000000000000
0000000000000000
0000000000000000
0000000000000000
0000000000000000
0000000000000000
0100001001111010
1011001111011001
1011100011111110
1011100100010111
0001010001000000
1001010110010000
0011000100111011
0010110100011001
0010111010001001
1000000100110010
1000000101110110
0000101100000011
1111101000100000
1111100111100100
0001001010011110
0101001111100100
0001011100101111
0001001111001100
0000101100100001
0000001010011110
0000000000000000
0000000000000000
0000000000000000
0000000000000000
0000000000000000
0000000000000000
0000000000000000
0000000000000000
0000000000000000
0000000000000000
0000000000000000
0000000000000000
0000000000000000
0001000011011110
0101001001101011
0100111110100010
0101000001111101
1000010110011011
1100000001010011
0100010010011110
0000110010010100
0100111110000011
0101011100111000
1100111110111000
1000110100101100
0001000000000010
0000011011001101
0000000100001010
0000000000000000
0000000000000000
0000000000000000
0000000000000000
0000000000000000
0000000000000000
0000000000000000
0000000000000000
0000000000000000
0000000000000000
0000000000000000
0000000000000000
0000000000000000
0000000000000000
0000000000000000
0000000000000000
0000000000000000
0000000000000000
1011111001000101
0100010111011000
0111000010011000
0000111110110010
0111100111001001
0110111011100100
0010001111111101
0000101101101110
0000001101011101
0000000000100100
0000000000000000
0000000000000000
0000000000000000
0000000000000000
0000000000000000
0000000000000000
0000000000000000
0000000000000000
0000000000000000
0000000000000000
0000000000000000
0000000000000000
0000000000000000
0000000000000000
0000000000000000
0000000000000000
0000000000000000
0000100011101110
1001000111100010
0000010111111011
0100110110101001
1111111100111100
1011010101000011
1001000001100001
0000111100001000
0000011001111010
0000000100101010
0000000000000000
0000000000000000
0000000000000000
0000000000000000
0000000000000000
0000000000000000
0000000000000000
0000000000000000
0000000000000000
0000000000000000
0000000000000000
0000000000000000
0000000000000000
0000000000000000
0000000000000000
0000000000000000
0000000000000000
0000000000000000
1000010111101001
0000101001001000
1010000000101010
0000011011101101
0001111101101011
0110101001101010
0011110110101100
0000101000001001
0000001011010110
0000000001011000
0000000000000000
0000000000000000
0000000000000000
0000000000000000
0000000000000000
0000000000000000
0000000000000000
0000000000000000
0000000000000000
0000000000000000
0000000000000000
0000000000000000
0000000000000000
0000000000000000
0000000000000000
0000000000000000
0000000000000000
0100101001101010
1100100100100001
1111000011011011
0100011101010011
1100011100010001
0011110001111111
0101010001001101
0000111010000010
0000010101011101
0000000010001011
0000000000000000
0000000000000000
0000000000000000
0000000000000000
0000000000000000
0000000000000000
0000000000000000
0000000000000000
0000000000000000
0000000000000000
0000000000000000
0000000000000000
0000000000000000
0000000000000000
0000000000000000
0000000000000000
0000000000000000
0001001011011010
0011100001010010
1001111110001101
0101011000001110
1011110010010011
1101100101110101
0000011101100110
0001011000000010
0000100110010110
0000001000101001
0000000000001010
0000000000000000
0000000000000000
0000000000000000
0000000000000000
0000000000000000
0000000000000000
0000000000000000
0000000000000000
0000000000000000
0000000000000000
0000000000000000
0000000000000000
0000000000000000
0000000000000000
0000000000000000
0000000000000000
0000001011111010
1101111100101110
1111110101010000
0111001101000010
1100111010011110
0110010001101010
0010101000001001
0100101011110110
0000110110011011
0000010100110000
0000000001110100
0000000000000000
0000000000000000
0000000000000000
0000000000000000
0000000000000000
0000000000000000
0000000000000000
0000000000000000
0000000000000000
0000000000000000
0000000000000000
0000000000000000
0000000000000000
0000000000000000
0000000000000000
0000000000000000
0000000000000000
0010100010101011
0000000000101011
1111001111101000
1011000111110101
0100100111100100
1010100110100011
1111111010010100
0001000000100110
0000100011110101
0000001000010111
0000000000000000
0000000000000000
0000000000000000
0000000000000000
0000000000000000
0000000000000000
0000000000000000
0000000000000000
0000000000000000
0000000000000000
0000000000000000
0000000000000000
0000000000000000
0000000000000000
0000000000000000
0000000000000000
0000000000000000
0001111011000010
0010010110100011
1101100101110000
0110000010011001
1010100111000000
1101100000111110
1111111010110010
0100100111101111
0000101111101010
0000010010010111
0000000001110010
0000000000000000
0000000000000000
0000000000000000
0000000000000000
0000000000000000
0000000000000000
0000000000000000
0000000000000000
0000000000000000
0000000000000000
0000000000000000
0000000000000000
0000000000000000
0000000000000000
0000000000000000
0000000000000000
0000000000000000
1010001010011001
1010010100000000
1101000001010101
0100011010111001
1001111011101100
1111011110001000
1101101001110110
0000111000001010
0000011010110000
0000000110110101
0000000000000000
0000000000000000
0000000000000000
0000000000000000
0000000000000000
0000000000000000
0000000000000000
0000000000000000
0000000000000000
0000000000000000
0000000000000000
0000000000000000
0000000000000000
0000000000000000
0000000000000000
0000000000000000
0000000000000000
0011110010000110
1100111011010100
1000111110111001
1011010011010110
1000110001010010
0000001001001000
0101101111101011
0011010101001010
0000100100111110
0000001011000100
0000000001000110
0000000000000000
0000000000000000
0000000000000000
0000000000000000
0000000000000000
0000000000000000
0000000000000000
0000000000000000
0000000000000000
0000000000000000
0000000000000000
0000000000000000
0000000000000000
0000000000000000
0000000000000000
0000000000000000
0000000000000000
1011010001010111
0100000111001010
1000001101110111
1011111001111011
1100110001111100
0101101001110000
0110001001010110
0001000010101110
0000010101100000
0000000010011101
0000000000000000
0000000000000000
0000000000000000
0000000000000000
0000000000000000
0000000000000000
0000000000000000
0000000000000000
0000000000000000
0000000000000000
0000000000000000
0000000000000000
0000000000000000
0000000000000000
0000000000000000
0000000000000000
0000000000000000
0000000000000000
0010101110101111
1011010001010011
0101010101011111
0100010101001100
0001000101110100
0001010101100011
0001011000000101
0000110101101010
0000001011001011
0000000000000010
0000000000000000
0000000000000000
0000000000000000
0000000000000000
0000000000000000
0000000000000000
0000000000000000
0000000000000000
0000000000000000
0000000000000000
0000000000000000
0000000000000000
0000000000000000
0000000000000000
0000000000000000
0000000000000000
0000000000000000
0000000000000000
1010001100001000
0000100011100010
1111001110101010
1000010010111010
1000111100000000
1010000101010000
0001000100001010
0000100110101100
0000000110100100
0000000000000000
0000000000000000
0000000000000000
0000000000000000
0000000000000000
0000000000000000
0000000000000000
0000000000000000
0000000000000000
0000000000000000
0000000000000000
0000000000000000
0000000000000000
0000000000000000
0000000000000000
0000000000000000
0000000000000000
0000000000000000
0000000000000000
0010101100110111
0001000110010000
1010101011100110
1010111001011110
0100110011100111
0110100110111001
0000101100011100
0000010101011001
0000000011100000
0000000000000000
0000000000000000
0000000000000000
0000000000000000
0000000000000000
0000000000000000
0000000000000000
0000000000000000
0000000000000000
0000000000000000
0000000000000000
0000000000000000
0000000000000000
0000000000000000
0000000000000000
0000000000000000
0000000000000000
0000000000000000
0000000000000000
1110111110100011
1110011110011111
1100000110011101
1011011011100011
0001100100001000
0010111101101010
0000010101101000
0000001000010100
0000000001010000
0000000000000000
0000000000000000
0000000000000000
0000000000000000
0000000000000000
0000000000000000
0000000000000000
0000000000000000
0000000000000000
0000000000000000
0000000000000000
